74463878 6863878 
222341 14502 
7194994 16252 
5683034 20525 
4379594 29806 
2120589 30303 
10040513 30628 
6268039 30806 
3399604 32752 
7863018 37865 
5170516 51806 
7137282 53215 
8083693 54880 
9266362 56907 
6112562 57362 
8241637 64132 
5114285 69122 
5658221 73628 
6828612 77905 
7294381 97614 
5852153 102527 
5631537 104836 
4956783 105701 
4447772 122949 
3394961 127412 
1033472 137927 
7963591 139145 
4079716 145207 
6766673 148870 
8381364 155536 
8670737 156574 
6528247 158978 
5912738 163368 
7380660 207559 
4269083 210140 
1523699 217882 
6316052 241125 
5399351 246315 
2840849 256472 
6556982 260518 
3174167 267551 
1669533 270925 
8723650 282708 
6735287 283291 
7889683 284264 
9035249 299306 
1037641 323342 
9647832 340246 
3410907 347694 
7001396 365050 
2687443 370486 
2823686 386242 
1790563 408334 
6259016 411516 
2624382 419934 
4590321 453398 
8359815 457797 
5402545 461151 
7651292 465212 
7845966 465743 
4967324 474336 
1744096 479298 
8699063 483996 
226687 484719 
4913975 490406 
4480243 492278 
4696059 494593 
6149759 501221 
6634193 506115 
7546603 513001 
8545080 517809 
5707489 520286 
7197810 520382 
7191722 537510 
3395142 539611 
547419 541783 
9820259 553899 
9625387 564433 
10154443 578152 
2262618 581312 
312174 585223 
3871503 601235 
5800095 616968 
6843331 618057 
874672 619161 
8597098 626219 
10154307 641556 
8313318 641769 
8144101 645354 
4752959 653531 
6948757 679171 
6755063 685871 
5483733 692655 
9310777 692965 
2250509 715944 
2981577 730433 
2162456 736471 
1609442 740725 
8295485 744662 
4072456 747169 
3638828 761064 
7522590 771260 
7193715 778658 
1319671 793660 
7971956 802845 
1267969 803575 
478727 809021 
9594714 811769 
9133607 822935 
5458499 825994 
6981006 840799 
2036693 845861 
10075856 857766 
323172 865601 
2129977 868967 
6093064 880091 
5652260 888105 
392198 893480 
6581442 899440 
8114906 900106 
4149071 903117 
5129687 903227 
9328492 903306 
6476977 906787 
3500928 915721 
9809748 936561 
8544095 954143 
2938872 965956 
8162687 988006 
3652250 1002838 
6591105 1004598 
2063173 1043251 
6322262 1046160 
8629219 1047731 
2653872 1051575 
2837726 1061286 
5515130 1069649 
8569839 1079135 
3802406 1094871 
3541410 1095737 
7214856 1099025 
3954502 1099538 
3905292 1132062 
248269 1133987 
3272406 1144541 
5926706 1145465 
9647532 1151366 
4153405 1153765 
9061325 1154272 
9089039 1154600 
9669603 1156361 
10128528 1169346 
3047417 1170691 
9769139 1172133 
7960323 1182345 
9018606 1227478 
8441167 1244253 
10057557 1253076 
2953208 1293750 
8628483 1308963 
3851591 1313950 
1811994 1320899 
5127628 1321482 
6696716 1326129 
1657794 1332125 
1610549 1342596 
1639937 1352589 
1163232 1359661 
2578633 1369834 
8802601 1371763 
3859203 1380175 
9843174 1383112 
6118855 1385552 
2307147 1397842 
1303894 1399924 
153064 1414283 
238215 1420757 
6539026 1441317 
4078176 1454030 
8960753 1481938 
459661 1483168 
1784196 1488089 
2876667 1488208 
152977 1490887 
5942943 1506807 
8802215 1506972 
1450830 1528118 
4836287 1546122 
4395629 1556605 
5331026 1559042 
5605136 1566766 
7049682 1571296 
1045416 1585487 
8037325 1589544 
2749961 1589872 
1153352 1591048 
4947560 1608240 
6576759 1610917 
5891827 1612248 
56868 1615407 
9251221 1621164 
6709476 1625458 
10101497 1627705 
3624520 1641762 
10143914 1649559 
4791197 1650378 
8085698 1653295 
6644679 1657566 
10174235 1657774 
1407790 1667900 
9132139 1669232 
10259157 1674116 
9740198 1693849 
7815075 1695584 
5180319 1698565 
6450673 1709065 
7792931 1713203 
9529014 1714841 
8466152 1718206 
4783578 1720000 
10223130 1720781 
2497129 1720935 
9185169 1722256 
9204571 1727326 
9370948 1733740 
3265899 1743983 
9993462 1746966 
5750022 1748559 
3709459 1758551 
2200469 1764291 
2641481 1772100 
9549607 1782034 
5673696 1812288 
6731621 1812447 
1237777 1833180 
1886282 1845050 
2103670 1847399 
4960105 1851162 
3354935 1863388 
8264429 1873706 
961486 1907943 
4952250 1920147 
6698023 1940171 
8043714 1942538 
7446229 1971024 
3450963 1979911 
1663654 1989519 
9625214 1990979 
9611567 1999817 
2398248 2010258 
6203122 2030063 
5722718 2035443 
3041973 2050105 
4885142 2051042 
1186875 2051332 
147421 2052163 
5391716 2062997 
8865040 2064949 
6161295 2073991 
8317067 2086776 
5017323 2096118 
7783624 2119728 
1698714 2122987 
6221626 2124704 
6259079 2145725 
2464160 2149118 
2444527 2163798 
3279664 2174276 
3730018 2195977 
3499812 2203091 
2868293 2213563 
8378062 2242931 
7742052 2255255 
6460064 2256599 
3951032 2258607 
4133706 2287479 
9280720 2288075 
9208411 2307484 
6906955 2317434 
10071036 2326955 
640025 2334129 
3928573 2352087 
2623585 2353392 
3664811 2360234 
6803144 2363318 
1437120 2364916 
3862899 2365448 
6289014 2372337 
4945437 2372722 
6381944 2377119 
10221454 2394322 
5565709 2406073 
230034 2424301 
9641645 2438983 
10264658 2451807 
677713 2454875 
5978481 2464929 
5810288 2478403 
1813308 2488136 
5252356 2494985 
5930955 2496044 
7814787 2498701 
2753536 2507683 
6049052 2522580 
216348 2528323 
8663384 2531646 
5966738 2536402 
3592290 2547707 
245055 2553576 
9874166 2560812 
3568719 2588050 
5965536 2598945 
8517867 2600273 
7996890 2603964 
6913484 2604967 
5813125 2612969 
9158234 2614743 
8887220 2614904 
5195580 2618173 
4864154 2620378 
1282932 2632448 
2051297 2640160 
839278 2642751 
9674192 2646639 
5267003 2677872 
8640410 2678927 
4617002 2690083 
5205070 2706530 
4279467 2706534 
10157630 2708097 
4109080 2713714 
5653494 2731959 
8005595 2754234 
9380105 2780840 
9319329 2794955 
6680317 2824277 
2458815 2841106 
8793984 2864836 
6976904 2885565 
9166815 2901314 
3277842 2901557 
1947652 2904469 
5703969 2919818 
7144788 2935002 
7033160 2938098 
9059083 2947423 
3200413 2960519 
6631307 2977812 
9824747 2985605 
979537 2988028 
3391347 2990801 
3922697 2991163 
3380116 3000818 
7032046 3020058 
4536851 3026752 
416352 3029555 
20813 3032708 
9065243 3033330 
8185117 3036774 
10243912 3045103 
9603927 3048885 
3249519 3055972 
2696515 3059379 
3327874 3069004 
6531837 3069188 
4125427 3075387 
1892612 3078986 
6002505 3092080 
10189913 3092779 
10246877 3100329 
524703 3103891 
4722823 3104699 
8009748 3107332 
3440511 3107618 
4320721 3108320 
6261226 3112248 
3561614 3116722 
4023101 3134448 
5509449 3138537 
9677274 3139207 
7662127 3141141 
7579115 3145221 
7058494 3167435 
3538657 3191449 
9190446 3196518 
2727387 3212487 
8800964 3219106 
10035069 3245323 
4257131 3246929 
2872004 3254217 
9340568 3255321 
3375141 3291379 
4161252 3293229 
5385590 3298361 
8340854 3306629 
7886288 3312164 
1686025 3312263 
1082393 3318360 
7281383 3326568 
3720028 3340218 
7776140 3343145 
3183582 3343426 
7952880 3350007 
10012595 3359322 
1222763 3362749 
9151195 3364638 
8143433 3368359 
9170618 3378293 
6521040 3384110 
2545411 3389466 
4653559 3397938 
3640177 3402367 
1226361 3405296 
7952835 3408120 
2496739 3417505 
5402952 3420841 
6346729 3438581 
1108 3439205 
4871247 3449629 
5575946 3453570 
3539725 3454392 
4233204 3475604 
2214825 3476593 
71764 3481044 
1444360 3481653 
3083751 3482946 
9163657 3483189 
3922164 3483426 
9169473 3485473 
965768 3497940 
3439835 3508080 
7624256 3517133 
4600587 3517831 
9972990 3517841 
3115020 3531669 
8876788 3535149 
7692831 3540240 
1688745 3540408 
8374754 3562888 
3658171 3570239 
2216594 3577335 
584003 3579200 
2317802 3582449 
930967 3596697 
2226814 3599276 
4524322 3600467 
9082214 3626091 
6264028 3627135 
3584242 3631832 
6902309 3641129 
7387966 3654588 
6077450 3665209 
6694650 3675530 
4611872 3680665 
2212704 3695787 
9638568 3706897 
8268810 3707522 
8953536 3716803 
9784190 3748046 
166828 3749807 
1061728 3754915 
9438045 3765854 
9331697 3767573 
5902318 3769118 
4064662 3777634 
7054016 3786838 
972533 3795614 
1748199 3819035 
4702540 3824185 
3651232 3827091 
4487293 3872695 
4909198 3878878 
8809330 3880740 
9349176 3883460 
5029344 3890077 
10013166 3890894 
4506588 3892916 
6620757 3897342 
6924326 3911701 
4902744 3922430 
5694555 3928084 
4675388 3932787 
2581192 3946320 
9025030 3962268 
7382261 3963655 
1159000 3969908 
1267956 3970432 
9462907 3974875 
10060686 3975718 
8930748 3977720 
9896268 3990719 
1096212 3997228 
2642833 4003978 
8031588 4023250 
2422600 4028047 
6034034 4035234 
6791111 4035745 
7931693 4038544 
6372976 4041946 
3882100 4043771 
5945857 4044745 
139083 4045383 
5873859 4054661 
1871245 4079537 
9139385 4090969 
2997983 4102990 
6004488 4108127 
5082430 4115212 
7820829 4115518 
5138245 4121173 
1405374 4147370 
941232 4151918 
5602802 4176494 
357030 4176708 
1968921 4192523 
9265645 4199927 
1253180 4205661 
1849728 4220037 
1209301 4246826 
5829841 4257177 
5000036 4269177 
3136918 4276365 
9574857 4276844 
9080537 4302785 
10106746 4303034 
10164243 4308936 
2287274 4319073 
8835699 4337882 
3828204 4366914 
6261571 4377195 
8828816 4382254 
3790827 4383463 
8722550 4383476 
7664214 4393049 
2248261 4393637 
2882283 4395502 
3674714 4406374 
4472342 4426003 
8375279 4431830 
1973072 4445932 
9158962 4448095 
2802463 4459935 
2232762 4463875 
6520331 4477313 
4087849 4492881 
5848372 4503732 
7323286 4515116 
1435990 4533055 
5027780 4558272 
1336628 4560217 
6442097 4564333 
9803189 4568732 
9510114 4576053 
2316092 4582370 
9810095 4588507 
2786804 4590958 
1764276 4601989 
4753860 4611741 
6249904 4627941 
8208809 4629476 
6043377 4631722 
1752785 4632600 
3279773 4643528 
597377 4646988 
831441 4648796 
8187794 4649555 
3973071 4649878 
1061532 4659047 
9233122 4660128 
2824966 4661263 
3189270 4674138 
2535429 4674700 
4541835 4690631 
7749581 4697173 
6990873 4710196 
3649272 4715552 
6764624 4725492 
3094152 4726973 
1441625 4731720 
9283860 4735740 
5724049 4744572 
1998859 4745555 
5648362 4747818 
81308 4749806 
8768468 4758959 
10021682 4761409 
1000478 4778023 
9166135 4791997 
8358655 4819537 
3451879 4824830 
7902231 4838138 
6050056 4855559 
785499 4856766 
5051707 4872077 
2359470 4876416 
9362802 4879358 
1871923 4881630 
4677217 4883824 
2822007 4884806 
8284397 4896555 
8264694 4897719 
5047977 4909834 
9355254 4913668 
5425927 4915905 
3693974 4921819 
4505320 4945974 
5796104 4952764 
7109153 4976291 
1803681 4981490 
6392713 4988030 
360615 4989105 
8046940 5001360 
8462669 5002211 
9766991 5018521 
9844261 5063780 
8244466 5114823 
7478504 5116112 
3314671 5121533 
9322656 5129137 
5598454 5143678 
9449282 5143798 
2438677 5160361 
9390735 5162543 
3369092 5163311 
5526496 5171238 
3901414 5202254 
3104276 5210456 
2903766 5225691 
4198977 5226105 
2614578 5229013 
10111036 5230016 
6490879 5231760 
500517 5242570 
2495827 5246915 
5961817 5255586 
4404406 5272419 
7062975 5277243 
7485876 5291015 
2175789 5297401 
5654767 5297441 
975426 5300802 
2279449 5309040 
8570834 5314470 
9997963 5318367 
730056 5321229 
6167726 5330002 
8554359 5330299 
6264761 5331384 
8417017 5331546 
9872768 5335670 
875596 5338529 
9405646 5362111 
2257442 5370617 
6806273 5374960 
8664386 5386358 
4628162 5386482 
323512 5401194 
3839054 5403711 
50873 5409540 
7538328 5422009 
3781597 5428631 
631485 5431104 
1804614 5432964 
5957242 5434105 
7578816 5438449 
6504820 5448866 
9512645 5463720 
4427991 5466779 
2417059 5512413 
9189475 5516117 
2126830 5541097 
3952602 5548040 
6001078 5551214 
2027591 5556482 
3432299 5566556 
1711576 5580061 
6296475 5587026 
5480451 5601240 
6108685 5613065 
9211255 5615305 
4969366 5636900 
6527441 5658044 
10247528 5662251 
2104114 5664491 
3039659 5684804 
7082872 5691990 
5833414 5694510 
1232905 5695897 
10073779 5732002 
4191503 5757385 
7117888 5767579 
4768821 5799931 
9768448 5803355 
8430118 5824593 
6390070 5830376 
8682545 5842263 
6933558 5867953 
8128897 5869111 
5637529 5877098 
4253864 5881162 
7463249 5896109 
6417613 5897597 
9456588 5924796 
9687633 5948704 
10201336 5951548 
1270710 5952436 
8223073 5957280 
918647 5958913 
8056720 5962399 
3735038 5973628 
2759195 5977749 
483030 5987976 
10206400 6030307 
4085619 6036296 
3257961 6047468 
4676425 6056026 
8070794 6064076 
6596561 6070571 
2656681 6074460 
997018 6080668 
921382 6085380 
4909205 6087889 
3101976 6091998 
3357218 6098885 
3891217 6100792 
624412 6100876 
1784318 6109668 
560205 6118901 
5617383 6126119 
783807 6137626 
3158279 6140649 
1864122 6143469 
9173624 6144683 
9079107 6145528 
8354035 6146810 
8228173 6151894 
3312771 6152796 
4637317 6159326 
2320617 6164798 
1633040 6171891 
3423892 6182373 
8074880 6195768 
7262699 6203347 
2475365 6212816 
5489166 6219099 
2174595 6227694 
1955814 6234140 
4196494 6236714 
1606781 6242547 
9740316 6264852 
8679392 6271702 
346804 6283792 
3359319 6297229 
9697609 6300947 
7552323 6305156 
3252792 6309524 
9082864 6321235 
6568233 6327170 
4688220 6344861 
4000684 6349403 
7331691 6351736 
4936966 6367030 
8501398 6375303 
2657787 6380772 
9882555 6404292 
3704520 6425020 
8147664 6425881 
4452964 6429427 
1065472 6437483 
10078540 6438116 
4613179 6445773 
8891576 6456328 
7401711 6468471 
2153293 6491486 
4326235 6493591 
9729893 6495702 
9958807 6522119 
1725595 6542583 
10197655 6555008 
9064985 6555695 
6303565 6555867 
7114196 6557196 
2327926 6569428 
8193617 6584741 
9080298 6588640 
9302262 6590501 
3415301 6612012 
5342887 6628499 
2812665 6672662 
57503 6677067 
7442557 6687038 
9450709 6722625 
2452180 6729762 
622994 6731818 
4658173 6748388 
2491776 6751734 
8197503 6756255 
48519 6770450 
2932863 6772050 
1718346 6773654 
6901615 6775090 
2643884 6776939 
6136732 6788933 
513466 6797383 
9401853 6798768 
8468880 6810792 
7778041 6817824 
3230590 6838262 
3579481 6842086 
312118 6844755 
9932880 6854312 
2473819 6857723 
1319761 6860400 
5837933 6867671 
48052 6868706 
6563920 6875536 
5600978 6879521 
1787509 6879695 
5368158 6888719 
9935606 6895462 
3579164 6897651 
8510991 6899160 
7513055 6899666 
2627884 6907788 
4982844 6908796 
2878379 6911966 
8263545 6929145 
501907 6934375 
9336112 6935091 
3841570 6949299 
2532808 6958891 
2693165 6974389 
398031 6983228 
5905910 6991226 
6560382 7005833 
10053225 7020783 
7680819 7029002 
5361824 7036116 
3586891 7049621 
5203610 7057369 
3685308 7106612 
4559349 7112039 
3642206 7116932 
9507170 7121628 
9607894 7127904 
9183589 7142814 
9831310 7155731 
5809064 7157118 
9652387 7169873 
7651069 7191044 
780403 7193009 
5028076 7205710 
5912457 7208084 
2115999 7240036 
3510605 7254598 
366923 7256526 
4368473 7275601 
3514207 7280030 
2008133 7280219 
1505726 7282647 
9244998 7287909 
6422676 7300941 
5271455 7316146 
5492643 7327535 
159620 7327918 
2916482 7333683 
2109179 7334457 
8183888 7334798 
3353711 7351254 
2375436 7360357 
9594751 7370488 
8821484 7371908 
6486316 7380941 
6915497 7382862 
2880391 7386980 
8864436 7390044 
2403573 7414421 
926932 7416159 
5514893 7417227 
6018904 7443735 
6470721 7451549 
2009227 7467782 
2106214 7468340 
1080702 7481471 
4140831 7490524 
1906750 7494735 
5728057 7504700 
7611219 7510083 
9239811 7511329 
7787789 7513929 
7230097 7522163 
7178950 7537700 
10083332 7548178 
680360 7549010 
3192197 7551296 
4681046 7556349 
7110557 7576553 
8649013 7599064 
768406 7616677 
7087565 7617078 
7799188 7627301 
6174941 7637941 
8527649 7640012 
2875100 7640893 
5566661 7655988 
3918539 7671399 
1890777 7678935 
602833 7679449 
9733512 7679763 
9411544 7685151 
3097049 7688254 
6867995 7700363 
2429123 7705534 
5230711 7717820 
1481530 7718474 
1607242 7719873 
2920587 7720611 
5533938 7724160 
9026959 7733008 
876588 7733787 
5226832 7749952 
7016478 7753840 
2164622 7780906 
3432534 7788820 
3399977 7800085 
1996183 7828228 
1810448 7836765 
3831725 7844247 
5469400 7845281 
10053477 7845377 
8090460 7855244 
3948349 7856670 
666300 7893443 
2040276 7900354 
4876752 7901706 
2512804 7903246 
3317315 7921458 
9485660 7929851 
9081616 7947825 
7791705 7955993 
8684150 7976770 
3398267 7984620 
4301543 7985528 
4104478 7990182 
6360741 7995871 
2708693 8015444 
6592487 8062117 
438223 8062125 
3799923 8070953 
4469615 8085336 
10202853 8094259 
3780901 8096390 
1562668 8111811 
2229606 8115324 
2862010 8128994 
1892866 8145196 
4350359 8146325 
7080867 8149681 
1887231 8168807 
487863 8189839 
1771957 8191988 
1160861 8195221 
8623284 8217874 
8450184 8225043 
6740749 8233010 
9142259 8253133 
3207527 8254245 
2263093 8260090 
3711031 8282243 
8786173 8296699 
6566322 8309862 
373635 8317433 
7970478 8339638 
10232707 8344954 
2732587 8348446 
5214008 8355284 
9374629 8356505 
1953379 8357247 
8568804 8359391 
1613076 8364091 
3576220 8376243 
8252266 8380288 
2610340 8404501 
7538153 8407039 
3928721 8421621 
2846362 8431443 
7438684 8433360 
7376752 8435124 
5504284 8438520 
6893643 8444395 
7038718 8456113 
9990010 8458426 
5689748 8462820 
3064103 8465521 
1138278 8467852 
8610215 8469557 
4135317 8481460 
2477959 8491904 
3316750 8497309 
9432432 8518532 
1586823 8523788 
8058997 8535045 
7046476 8535132 
1360314 8535732 
4275030 8542507 
9071954 8544145 
2856383 8558256 
6604967 8561974 
3157375 8563248 
8308230 8576149 
10181323 8582644 
2902796 8605114 
1472288 8605650 
1101384 8614741 
8992395 8617087 
3840245 8623501 
8486870 8625476 
8484756 8629342 
3514213 8654908 
8273571 8655092 
1855846 8679682 
3630600 8700625 
9017404 8702292 
7533844 8715125 
7850884 8721264 
4377891 8731088 
7654143 8740816 
3892687 8768599 
4812283 8769187 
5702796 8776515 
6096275 8796574 
3162596 8801912 
4578293 8812886 
9536480 8820284 
8837757 8833639 
6255120 8833865 
1920268 8835759 
8798894 8849546 
9377598 8854876 
2457258 8855747 
1138234 8863098 
9598650 8874855 
8248524 8880693 
8323709 8886539 
4070735 8888699 
7895960 8892679 
9295339 8898027 
4460222 8907608 
7012111 8911261 
3537858 8918353 
1008169 8932664 
8026418 8957871 
1116229 8967017 
2359558 8972961 
2074180 8979993 
7844246 8995554 
3638916 8996591 
1506146 9015070 
6915513 9030201 
8869576 9034924 
1007113 9039369 
6972138 9045284 
5756011 9059671 
6924080 9060186 
576052 9073257 
2797907 9099363 
4722198 9113893 
6655199 9119524 
2313402 9132815 
2067044 9145807 
6697498 9148547 
2087923 9148963 
1351332 9161289 
7053596 9171184 
5213421 9172925 
5003035 9180184 
1183815 9185823 
4732143 9192200 
1719586 9203038 
778501 9206214 
8242504 9221167 
759965 9236890 
9527688 9237207 
1482143 9258307 
5059432 9261089 
6608662 9287310 
5585309 9289623 
6681825 9295267 
7096240 9296559 
8217818 9314706 
2241047 9328808 
2106708 9351500 
8730943 9361711 
7008436 9371059 
8157469 9381182 
6522358 9382154 
3223555 9385964 
9528896 9409317 
2669545 9424230 
5505062 9433743 
5553736 9444008 
1490760 9445398 
6642938 9452208 
4102016 9455790 
3079129 9462134 
8087071 9478551 
5447538 9481795 
1262710 9491041 
4581028 9504838 
2367662 9521879 
7063607 9524099 
6620317 9526665 
9237941 9528056 
5904237 9532167 
4070333 9533532 
3506127 9542507 
1806266 9559166 
7384312 9561291 
9629231 9561671 
7691443 9569539 
9252399 9574229 
7853365 9584297 
2203836 9591548 
2263520 9597864 
7107964 9633489 
6622863 9639974 
3453422 9651322 
6366067 9652033 
1354119 9684747 
6409275 9687853 
5209942 9696902 
8248779 9703511 
8269696 9703778 
1107300 9711101 
5283384 9720612 
8743692 9729062 
695697 9733868 
5517100 9734323 
9793307 9734683 
8481291 9738489 
6822511 9740975 
6644960 9744901 
8911529 9759404 
9617230 9762636 
9728079 9765691 
5057636 9792170 
2043430 9792936 
350734 9793716 
1751103 9797204 
5788633 9818058 
9680769 9824382 
1440633 9826453 
8314228 9827511 
2820533 9861557 
8821015 9883526 
934285 9894831 
5011321 9904154 
304525 9910474 
3215864 9912025 
5675782 9940660 
10208604 9943139 
2438072 9947969 
8287150 9958654 
2725395 9962551 
158222 9965433 
1372802 9967032 
7857878 9967439 
5843799 9976275 
9359814 9979538 
906660 10001701 
4497636 10029074 
617533 10044787 
1729151 10050918 
2885201 10057096 
7343449 10083231 
1936119 10086313 
7822059 10092511 
6518237 10096069 
3628513 10102350 
9943236 10115772 
8091805 10118551 
10267027 10120622 
4560365 10139569 
2159877 10142759 
3866105 10144410 
84001 10150423 
8783258 10162859 
10276584 10165150 
5066488 10166806 
2326691 10167015 
4373207 10182242 
5121532 10187296 
9303616 10199549 
3699081 10203764 
7480374 10208960 
7957770 10212024 
7455813 10214668 
4358763 10217321 
5972702 10217975 
8625679 10218203 
10034236 10225417 
5241701 10232638 
2421307 10237892 
9993019 10239779 
6844004 10246553 
2548720 10254132 
3669972 10261755 
9460358 10263524 
9971596 10272785 

