5569039 905 8589711 9307684 5095452 5722671 

8499287 117743 2751099 4649381 9362885 1708887 

490280 88637 2814774 10206995 1958470 7018982 

5569039 905 8589711 9307684 7976895 1813074 

5127498 118460 7387976 9307684 4044066 5957023 

9727808 157137 7188850 9039909 1837776 8371488 

8499287 117743 2751099 4649381 6038605 8417067 

5127498 118460 7387976 9307684 1204404 3272225 

8499287 117743 2751099 4649381 10268233 8540152 

5127498 118460 7387976 9307684 1483631 349683 

8499287 117743 2751099 4649381 9979561 3624015 

5127498 118460 7387976 9307684 1446188 4922746 

9727808 157137 7188850 9039909 1826178 8923672 

490280 88637 2814774 10206995 9722846 874140 

5569039 905 8589711 9307684 9959306 8169332 

5127498 118460 7387976 9307684 4389018 177314 

5127498 118460 7387976 9307684 686255 4944787 

5127498 118460 7387976 9307684 8567972 6026386 

8499287 117743 2751099 4649381 9519647 180315 

5546599 179165 9629552 4649381 5385232 22533 

8499287 117743 2751099 4649381 8604148 4102959 

3059811 170412 6952673 7381190 5637107 4447185 

490280 88637 2814774 10206995 8961832 3255802 

5127498 118460 7387976 9307684 3681816 5588900 

5127498 118460 7387976 9307684 2117416 4486364 

5127498 118460 7387976 9307684 6950490 5027033 

8499287 117743 2751099 4649381 6461918 8266991 

490280 88637 2814774 10206995 3259388 474685 

3059811 170412 6952673 7381190 811120 995525 

5546599 179165 9629552 4649381 2854838 6925682 

8499287 117743 2751099 4649381 3050602 7819115 

3059811 170412 6952673 7381190 6702399 449020 

3059811 170412 6952673 7381190 4046454 4652775 

5569039 905 8589711 9307684 5725353 3302378 

9727808 157137 7188850 9039909 1217345 8720807 

8499287 117743 2751099 4649381 9380885 6009803 

3059811 170412 6952673 7381190 7650056 3023637 

8499287 117743 2751099 4649381 6320269 6143923 

8499287 117743 2751099 4649381 2480172 4038687 

9727808 157137 7188850 9039909 6684775 9825916 

5569039 905 8589711 9307684 4226461 6637171 

490280 88637 2814774 10206995 9231636 8745636 

490280 88637 2814774 10206995 2527651 3400701 

3059811 170412 6952673 7381190 2768034 3569553 

8499287 117743 2751099 4649381 4606424 7267356 

490280 88637 2814774 10206995 9174411 9665371 

5569039 905 8589711 9307684 3939341 4159216 

8499287 117743 2751099 4649381 5178692 9984820 

5546599 179165 9629552 4649381 6850299 818773 

8499287 117743 2751099 4649381 2026024 5813628 

5127498 118460 7387976 9307684 8402585 7823121 

3059811 170412 6952673 7381190 2440462 714844 

5546599 179165 9629552 4649381 430604 964627 

490280 88637 2814774 10206995 7114104 5399484 

5546599 179165 9629552 4649381 9892320 10184854 

5546599 179165 9629552 4649381 6127416 3829284 

8499287 117743 2751099 4649381 1407888 5961560 

8499287 117743 2751099 4649381 7568423 6311632 

5127498 118460 7387976 9307684 9515811 6895469 

5546599 179165 9629552 4649381 2407776 225587 

5127498 118460 7387976 9307684 3423418 1496878 

5127498 118460 7387976 9307684 8424854 7119117 

8499287 117743 2751099 4649381 5327267 9839696 

9727808 157137 7188850 9039909 8466816 4075582 

3059811 170412 6952673 7381190 2984090 4417817 

8499287 117743 2751099 4649381 7774732 4908700 

5127498 118460 7387976 9307684 8231752 2157122 

5127498 118460 7387976 9307684 663956 2178843 

9727808 157137 7188850 9039909 6173766 2965505 

8499287 117743 2751099 4649381 9094549 952686 

9727808 157137 7188850 9039909 7858163 3655527 

5569039 905 8589711 9307684 558867 870708 

8499287 117743 2751099 4649381 8089292 10094076 

3059811 170412 6952673 7381190 3926117 5164004 

9727808 157137 7188850 9039909 9440225 2007292 

490280 88637 2814774 10206995 776186 7216108 

490280 88637 2814774 10206995 9727372 679732 

5546599 179165 9629552 4649381 4699863 4719524 

8499287 117743 2751099 4649381 5773384 8281789 

