8499287 117743 2751099 4649381 6038605 8417067 3439768 

5569039 905 8589711 9307684 5095452 5722671 3763718 

9727808 157137 7188850 9039909 1837776 8371488 3020788 

5569039 905 8589711 9307684 7976895 1813074 1818975 

490280 88637 2814774 10206995 1958470 7018982 6227491 

8499287 117743 2751099 4649381 9362885 1708887 7278282 

5127498 118460 7387976 9307684 4044066 5957023 8211460 

9727808 157137 7188850 9039909 1826178 8923672 2956081 

8499287 117743 2751099 4649381 10268233 8540152 828069 

5127498 118460 7387976 9307684 1483631 349683 861078 

5127498 118460 7387976 9307684 1204404 3272225 7814474 

5127498 118460 7387976 9307684 1446188 4922746 7375053 

8499287 117743 2751099 4649381 9979561 3624015 7874493 

490280 88637 2814774 10206995 9722846 874140 3577138 

5569039 905 8589711 9307684 9959306 8169332 1092977 

5127498 118460 7387976 9307684 4389018 177314 7280450 

5127498 118460 7387976 9307684 686255 4944787 7419714 

5127498 118460 7387976 9307684 8567972 6026386 1717962 

8499287 117743 2751099 4649381 9519647 180315 505247 

5546599 179165 9629552 4649381 5385232 22533 7885033 

8499287 117743 2751099 4649381 8604148 4102959 1841523 

3059811 170412 6952673 7381190 5637107 4447185 9054054 

490280 88637 2814774 10206995 8961832 3255802 9387368 

5127498 118460 7387976 9307684 3681816 5588900 6964010 

5127498 118460 7387976 9307684 6950490 5027033 2048449 

5127498 118460 7387976 9307684 2117416 4486364 7204016 

8499287 117743 2751099 4649381 6461918 8266991 4127268 

3059811 170412 6952673 7381190 811120 995525 3188638 

490280 88637 2814774 10206995 3259388 474685 8095747 

5546599 179165 9629552 4649381 2854838 6925682 754398 

8499287 117743 2751099 4649381 3050602 7819115 7481636 

3059811 170412 6952673 7381190 6702399 449020 1828340 

3059811 170412 6952673 7381190 4046454 4652775 1174447 

9727808 157137 7188850 9039909 1217345 8720807 2622251 

5569039 905 8589711 9307684 5725353 3302378 8958554 

8499287 117743 2751099 4649381 9380885 6009803 3874266 

3059811 170412 6952673 7381190 7650056 3023637 9141968 

8499287 117743 2751099 4649381 6320269 6143923 2227138 

9727808 157137 7188850 9039909 6684775 9825916 6263441 

8499287 117743 2751099 4649381 2480172 4038687 8665180 

490280 88637 2814774 10206995 9231636 8745636 2574690 

5569039 905 8589711 9307684 4226461 6637171 9188300 

490280 88637 2814774 10206995 2527651 3400701 3058565 

3059811 170412 6952673 7381190 2768034 3569553 6958668 

490280 88637 2814774 10206995 9174411 9665371 429462 

8499287 117743 2751099 4649381 4606424 7267356 3293308 

5569039 905 8589711 9307684 3939341 4159216 5158159 

8499287 117743 2751099 4649381 5178692 9984820 5239658 

5546599 179165 9629552 4649381 6850299 818773 8577600 

8499287 117743 2751099 4649381 2026024 5813628 1157123 

5127498 118460 7387976 9307684 8402585 7823121 7604870 

3059811 170412 6952673 7381190 2440462 714844 7563767 

5546599 179165 9629552 4649381 430604 964627 9605547 

490280 88637 2814774 10206995 7114104 5399484 3148631 

5546599 179165 9629552 4649381 9892320 10184854 6650076 

8499287 117743 2751099 4649381 5327267 9839696 3568503 

8499287 117743 2751099 4649381 1407888 5961560 3757622 

5127498 118460 7387976 9307684 9515811 6895469 6572562 

8499287 117743 2751099 4649381 7568423 6311632 7328290 

5127498 118460 7387976 9307684 8424854 7119117 6748997 

5127498 118460 7387976 9307684 3423418 1496878 1920007 

5546599 179165 9629552 4649381 2407776 225587 8486964 

5546599 179165 9629552 4649381 6127416 3829284 9191025 

9727808 157137 7188850 9039909 8466816 4075582 5505056 

3059811 170412 6952673 7381190 2984090 4417817 3229790 

8499287 117743 2751099 4649381 7774732 4908700 9140166 

8499287 117743 2751099 4649381 8089292 10094076 545638 

5127498 118460 7387976 9307684 8231752 2157122 7783133 

9727808 157137 7188850 9039909 6173766 2965505 3016139 

5127498 118460 7387976 9307684 663956 2178843 8035589 

9727808 157137 7188850 9039909 7858163 3655527 8036935 

5569039 905 8589711 9307684 558867 870708 8106657 

8499287 117743 2751099 4649381 9094549 952686 8568685 

3059811 170412 6952673 7381190 3926117 5164004 6863757 

9727808 157137 7188850 9039909 9440225 2007292 7748667 

490280 88637 2814774 10206995 776186 7216108 9185318 

490280 88637 2814774 10206995 9727372 679732 1560823 

5546599 179165 9629552 4649381 4699863 4719524 4373048 

8499287 117743 2751099 4649381 5773384 8281789 8607452 

