2296962 5513845 3396896 9298031 7021556 2437271 5087607 4024418 
2296962 5513845 3396896 9298031 7021556 2437271 5087607 734423 

2950108 1353901 5784035 629227 3081952 2090110 7049268 6979555 

6517884 2567526 4831421 7333647 697582 7822347 8962508 3242788 

3465881 4942081 9252702 525923 1053280 4544093 8893928 5227052 

6119027 1840668 6678286 525923 9277994 8970882 663294 3586895 
6119027 1840668 6678286 525923 9277994 8970882 663294 7141553 

1660769 9362610 4858135 9298031 4850734 694771 1973321 381050 

1894516 7469932 10273509 4649381 9587980 5901101 6991162 1741987 
1894516 7469932 10273509 4649381 9587980 5901101 6991162 9016004 
1894516 7469932 10273509 4649381 9587980 5901101 6991162 6650682 

2691115 6160222 9883723 9298031 224624 4508509 2422213 8517138 

2053858 3247366 4559570 9307684 6841097 2944962 7860079 4488305 

4228697 4170438 4862636 4649381 6689125 6409821 8557611 4459991 
4228697 4170438 4862636 4649381 6689125 6409821 8557611 9873292 
4228697 4170438 4862636 4649381 6689125 6409821 8557611 4874755 
4228697 4170438 4862636 4649381 6689125 6409821 8557611 5519602 

4098728 4674577 8421733 2109410 1153929 6025241 8715444 8644964 
4098728 4674577 8421733 2109410 1153929 6025241 8715444 4706336 
4098728 4674577 8421733 2109410 1153929 6025241 8715444 6951788 

6517884 2567526 4831421 7333647 802686 6986150 411489 649191 

611027 1394041 2321811 9298031 9155539 7172544 9339686 3654171 
611027 1394041 2321811 9298031 9155539 7172544 9339686 5963728 

8710486 7510896 8229714 7381190 6553882 2390373 1998072 6699682 
8710486 7510896 8229714 7381190 6553882 2390373 1998072 1568891 
8710486 7510896 8229714 7381190 6553882 2390373 1998072 2872568 

2357081 7975515 4954069 2109410 3704573 1622141 6708315 7163834 

8003667 1422226 3191194 7333647 7862509 5865121 2477761 5806696 
8003667 1422226 3191194 7333647 7862509 5865121 2477761 9883147 

7280234 6348442 7618555 525923 4420105 549107 5246278 280256 

912281 3568971 5708674 2591499 3576193 9246090 4070790 2053218 

3976032 7750107 944755 525923 4549263 5508376 5464094 6637339 

7334520 4451647 2648725 4288809 6112376 8663748 5104160 9775680 
7334520 4451647 2648725 4288809 6112376 8663748 5104160 6826296 

6652822 3275272 4318079 4649381 7973973 9451010 10243412 1817372 
6652822 3275272 4318079 4649381 7973973 9451010 10243412 9312811 

6245117 4801627 7038826 9307684 4312477 9223892 4578775 7839052 

7624623 3387962 9750783 7613194 9280805 116072 6837436 8421312 

6244391 8791623 1704732 4288809 7128256 2560921 8381866 1385368 

5327647 6769018 5210563 7381190 7791820 3018573 385403 5492591 

6480396 3911485 2437049 4288809 8367666 430649 6852538 9229921 

4836288 1891224 2371276 525923 9259491 4682760 8943995 4811898 

2942135 7543552 3580050 525923 3396203 9276966 7020328 735069 

716620 7755880 8439236 4649381 4834466 9231849 2729062 594598 
716620 7755880 8439236 4649381 4834466 9231849 2729062 2618370 
716620 7755880 8439236 4649381 4834466 9231849 2729062 6996617 
716620 7755880 8439236 4649381 4834466 9231849 2729062 6646798 
716620 7755880 8439236 4649381 4834466 9231849 2729062 219663 

5163700 3864786 9752311 7333647 10109450 4058503 2267035 1179008 
5163700 3864786 9752311 7333647 10109450 4058503 2267035 9522949 

9700281 7584783 6429573 9039909 7648866 9729627 3644579 9786471 

5855348 2476220 8238136 7333647 3630877 10112603 6257806 4944704 

2023523 1342599 5309597 4288809 1884323 5196923 9758151 9746528 

3095141 8620022 9064481 629227 9416647 5169479 6012565 3496114 

4246287 9942377 1923944 9039909 4174880 6137117 2889394 8686367 

4525825 6281523 8447418 9298031 8299962 5421493 5931328 1840873 

7145003 4298226 9839072 4288809 5456910 3238949 7698359 2115407 
7145003 4298226 9839072 4288809 5456910 3238949 7698359 8430957 

1865367 1529546 446377 7333647 9780841 3266114 4134048 7286946 

5614757 2485197 7465748 9039909 4442370 9088142 3785857 1536175 

573431 5606592 3312568 4288809 8426373 476608 6966599 7467863 

3611732 5991716 5225737 9298031 10081304 7252701 2880015 7432958 
3611732 5991716 5225737 9298031 10081304 7252701 2880015 4239108 

7564404 3697910 5436539 7613194 10056853 882863 5673008 3118546 

4763122 3368575 9249417 4288809 5184424 1688240 5538815 2797082 

7386065 574408 5332942 9039909 3829476 60683 890920 879699 

9890870 7043397 7326819 629227 7879974 6554110 3043966 7981187 
9890870 7043397 7326819 629227 7879974 6554110 3043966 8256439 

8800366 9837929 3769773 629227 8614192 5445673 162007 5903433 

341823 7942421 2726125 7613194 1708126 1595740 8503846 494605 
341823 7942421 2726125 7613194 1708126 1595740 8503846 4513377 

6244968 9065403 2727081 525923 3831732 2746270 7225728 9530648 

1353975 4520032 37814 7381190 9078445 8322798 5217718 6827882 
1353975 4520032 37814 7381190 9078445 8322798 5217718 8104685 

7621723 1422265 3675973 7381190 4581253 2431072 9484746 9705946 

7595522 7060107 1061389 9307684 9238731 3752980 1035495 3704136 

2943900 7351586 9139153 9039909 6734565 3735431 1312015 7940987 

9636649 6221537 3327878 7333647 6571271 1281762 3763009 2235798 

6119027 1840668 6678286 525923 7920477 1890807 4682806 6429476 

6698554 7145029 3623341 10206995 2346760 2724626 7355200 7857999 
6698554 7145029 3623341 10206995 2346760 2724626 7355200 3013520 

2023523 1342599 5309597 4288809 9855150 1571240 9598444 7084764 

9137722 3903092 3065144 2109410 2239019 7587131 3803267 8689086 
9137722 3903092 3065144 2109410 2239019 7587131 3803267 170472 

6934250 3734469 18874 10206995 9278469 5746 5211086 3874799 

3424748 6843670 7249321 9298031 2888084 1202591 5620845 1382744 
3424748 6843670 7249321 9298031 2888084 1202591 5620845 6878903 

3629127 6046877 2375531 9298031 7737719 3066306 971162 2516523 

9031268 4867855 1754551 2109410 1092688 4303105 9979772 8018289 

8568823 212432 4410585 2591499 1371314 8161961 7771583 7391761 

6254456 5856724 2762017 7381190 3723432 213966 6372858 4910405 
6254456 5856724 2762017 7381190 3723432 213966 6372858 1364078 
6254456 5856724 2762017 7381190 3723432 213966 6372858 8001507 

9625447 5757269 1514774 9307684 1979970 3130565 928082 7500257 

6244968 9065403 2727081 525923 493922 4100475 10040365 3577679 

1145367 870484 9763658 2109410 9704318 7042002 3412340 3124269 

935443 8243737 10277058 9039909 1249540 5997945 5727618 4410881 

5623186 5777915 6462603 9307684 8424339 4287700 9725759 3226213 

1524727 1481474 1160704 9307684 1932125 193365 1323674 1297483 

1865367 1529546 446377 7333647 6028699 9331450 6499776 3588060 

5149146 3907823 9971123 9039909 10241210 10267976 5245494 3020697 

5394246 8115199 7937917 525923 10005751 1925882 9103934 6291910 

6506204 8788492 4337182 9298031 4572843 7204950 9784806 2252575 

3835799 5869177 8677899 9307684 3020754 3210296 2567651 5707612 
3835799 5869177 8677899 9307684 3020754 3210296 2567651 5774454 

7978691 3413760 8268346 525923 1859578 5001436 7911995 1827769 

9328934 4159387 3185777 629227 3273045 4755496 553009 3880445 

4150407 8263716 7896773 10206995 362777 356065 4197225 3063379 

4494305 4458840 8672250 525923 931944 9374364 7188725 463986 
4494305 4458840 8672250 525923 931944 9374364 7188725 5534194 

4575037 4878470 10010330 2109410 1987539 3265271 592058 469587 

9890870 7043397 7326819 629227 2144447 2793151 10133762 4814758 

2663953 5836547 6722720 4649381 9616871 5366177 9607060 1372944 

6747359 3976835 995852 629227 2614926 4003920 9854985 3815684 
6747359 3976835 995852 629227 2614926 4003920 9854985 9551850 

6979777 5192872 7780356 7381190 6708414 3855036 9486390 3382492 

7018877 8708710 9064285 7613194 3239749 7700438 4819929 3263655 

7241263 3131468 6900820 7381190 7218443 5314374 7871556 7059921 

7424015 1546835 397668 7613194 2338042 7228378 7819054 1187715 

7978691 3413760 8268346 525923 2120591 1653696 1905339 1179274 

7722336 9529281 7711732 9039909 5502874 5745383 3755659 996839 

7684041 562338 107618 2591499 6735398 8490835 4225326 6073461 

590852 688793 635829 2109410 5103604 1263629 6395467 5438131 
590852 688793 635829 2109410 5103604 1263629 6395467 5350555 
590852 688793 635829 2109410 5103604 1263629 6395467 2081407 
590852 688793 635829 2109410 5103604 1263629 6395467 3440788 

5408118 7686955 3653035 7333647 7950236 6234296 3992563 2616653 

4333651 4450556 6723802 7381190 7234989 5036319 8712360 6856847 

8961918 7332262 1327417 7381190 7751134 6469281 5979250 7701017 

8929764 6559673 585906 525923 8285733 2942484 9928098 2128516 

2974553 439970 4946630 7381190 1429791 4226829 7736334 1011715 
2974553 439970 4946630 7381190 1429791 4226829 7736334 2916112 

8544137 7794247 10183958 2109410 6459770 3488810 2394560 6532791 

6548825 4822466 3944857 2591499 3085182 6928607 7237128 9228369 

2550178 5384846 4647200 9039909 6515475 4099444 3119914 9946664 

716620 7755880 8439236 4649381 1290504 7640004 2435068 617140 
716620 7755880 8439236 4649381 1290504 7640004 2435068 3886472 

6943928 4412430 93143 4288809 6766579 9974926 8487677 7694749 

4242641 2408329 9300484 2591499 282952 511626 1734690 1809454 

8597032 4189062 3507149 4649381 8413314 9290812 300555 1837161 
8597032 4189062 3507149 4649381 8413314 9290812 300555 6016324 

5504958 6021377 5531927 7381190 850801 446601 9702169 5762483 

5985083 4253848 4452066 525923 2521692 8563236 3488767 1988102 

6017738 1051987 9140927 9039909 6593247 2017423 1527945 878817 

3468418 1946140 7045524 4649381 6120882 6497285 4175230 4063021 

2673227 3098040 5275463 7333647 6302078 6517195 5402770 6667856 

1765554 8886638 7629891 7333647 2317994 783332 20207 5325878 
1765554 8886638 7629891 7333647 2317994 783332 20207 8179158 

1931567 4192829 9395528 9298031 691777 5722504 2523644 10062694 
1931567 4192829 9395528 9298031 691777 5722504 2523644 1128497 

10147798 3748085 8809671 629227 5437243 822451 2421986 3433412 

1384454 7049170 3895946 2109410 7268779 5947974 8034913 9588101 
1384454 7049170 3895946 2109410 7268779 5947974 8034913 2103056 

6501021 3316795 7621286 4288809 266942 7765839 2686785 8369056 

3553419 9728068 7636222 7381190 10275898 255299 8812652 963410 

6652822 3275272 4318079 4649381 8747661 8398977 1383649 457181 

8613424 3995489 5553287 9307684 8498950 2521342 5559583 9944573 

9981419 9259325 4349733 9307684 332713 3204149 2188757 1903904 

8800366 9837929 3769773 629227 1341863 1058315 709592 3234398 
8800366 9837929 3769773 629227 1341863 1058315 709592 3150047 

5109070 7576233 7969080 525923 7136653 3274406 1326748 6609750 

9720560 2905420 7139317 525923 2335253 9340603 1577741 4216191 
9720560 2905420 7139317 525923 2335253 9340603 1577741 1002163 

99615 8775512 1234479 2591499 7521143 6750741 2501272 5645634 
99615 8775512 1234479 2591499 7521143 6750741 2501272 6955417 
99615 8775512 1234479 2591499 7521143 6750741 2501272 6355318 

6501021 3316795 7621286 4288809 10241123 7137925 1699152 1773944 

3790150 3432179 8191030 9307684 6242857 679975 6825712 642470 

9720560 2905420 7139317 525923 9214966 172633 7484464 10039034 
9720560 2905420 7139317 525923 9214966 172633 7484464 9996058 
9720560 2905420 7139317 525923 9214966 172633 7484464 9293340 

3832752 7747496 5939865 2109410 748561 6029935 5342583 3876077 

7018877 8708710 9064285 7613194 1532203 9347714 8037463 2232547 
7018877 8708710 9064285 7613194 1532203 9347714 8037463 4461639 

9544491 4862670 5221194 7613194 2713377 7107878 9523642 3872417 

621103 8451780 6059118 7381190 8740006 2394966 136891 9982431 
621103 8451780 6059118 7381190 8740006 2394966 136891 4758879 

4224971 807235 3553308 629227 7605298 6709291 1571436 1504324 

6996875 10264588 8511199 2591499 5758194 7924224 7813383 8525199 

4397020 1788807 801073 7381190 7410412 6825961 8810380 7896684 

9145132 2061900 9900392 7613194 1939561 3145247 2111073 5008054 
9145132 2061900 9900392 7613194 1939561 3145247 2111073 4501883 

1279957 6272978 5981423 10206995 8811455 8408787 5965015 7297673 
1279957 6272978 5981423 10206995 8811455 8408787 5965015 5673285 
1279957 6272978 5981423 10206995 8811455 8408787 5965015 4808410 

3608112 8487477 6284582 9307684 2520932 3304378 3113833 5232713 

9106056 1217189 2049538 7381190 4763034 7588014 6549862 1149784 

4095048 5640570 4873192 4288809 1374737 3413981 1620130 2878181 
4095048 5640570 4873192 4288809 1374737 3413981 1620130 8114294 

6599498 10086112 2721992 2109410 90716 10239688 2432220 8416835 

4819725 7788630 6176571 525923 6430570 5325830 9033459 8971676 

6839529 9272120 8575094 7381190 5138182 8158569 599280 4450163 

7535991 5910399 282339 2591499 9106628 1371303 329127 574698 
7535991 5910399 282339 2591499 9106628 1371303 329127 4439368 

3468418 1946140 7045524 4649381 7323482 252791 8395694 5977800 
3468418 1946140 7045524 4649381 7323482 252791 8395694 2426303 

3059811 170412 6952673 7381190 811120 995525 3188638 827557 

4699912 6054436 2033283 525923 2432449 7016569 2424049 1457924 
4699912 6054436 2033283 525923 2432449 7016569 2424049 8232731 

6501021 3316795 7621286 4288809 4123134 1658116 4613871 1535176 

7621723 1422265 3675973 7381190 563511 582533 3902238 4175813 

5569039 905 8589711 9307684 5725353 3302378 8958554 2024265 
5569039 905 8589711 9307684 5725353 3302378 8958554 8037598 

5604122 2193312 6094171 2109410 9459949 7771528 3666805 6825204 

6017738 1051987 9140927 9039909 6142633 8884222 5364535 9750556 

7112505 9748013 6958898 7381190 600421 2979094 1450550 7481349 

3968761 2790045 1331106 4288809 8002357 4555686 7358556 668725 

6979777 5192872 7780356 7381190 211859 1492050 6319677 8405945 
6979777 5192872 7780356 7381190 211859 1492050 6319677 9776644 
6979777 5192872 7780356 7381190 211859 1492050 6319677 4656691 

6106248 6263638 3722023 9298031 76505 761893 735124 6936475 

592713 4682165 8897232 9039909 2887820 8287776 6008860 22254 
592713 4682165 8897232 9039909 2887820 8287776 6008860 3966558 

1384454 7049170 3895946 2109410 3160074 3347090 7449840 463615 

2707918 2626723 1180701 9039909 2512080 9380588 689235 4982692 

6506204 8788492 4337182 9298031 8512617 8889582 5001808 9589641 
6506204 8788492 4337182 9298031 8512617 8889582 5001808 8123886 

7582758 6970229 4037315 4649381 1306347 9999172 5252803 3057475 

2047019 4884977 4774928 4649381 3999140 5547150 3095087 3741879 

6480396 3911485 2437049 4288809 145396 627100 6091805 9678165 

4246287 9942377 1923944 9039909 8718315 6596902 9054187 7512077 
4246287 9942377 1923944 9039909 8718315 6596902 9054187 9428223 

8582855 9282608 1912017 9298031 2449083 3973258 6350436 552724 

4818011 2634644 9372890 9298031 5277847 6729574 8265168 2812218 

5109070 7576233 7969080 525923 6605664 5493947 5870335 7544443 
5109070 7576233 7969080 525923 6605664 5493947 5870335 905452 

2922169 9629353 6743327 2591499 6018525 2524908 8711997 3790358 
2922169 9629353 6743327 2591499 6018525 2524908 8711997 6619404 

7112505 9748013 6958898 7381190 9549 5771551 4389166 733692 
7112505 9748013 6958898 7381190 9549 5771551 4389166 1368646 

7442119 9910717 8978334 4288809 10093166 8583213 200185 638952 

9890870 7043397 7326819 629227 3335927 10109715 8504588 3678452 
9890870 7043397 7326819 629227 3335927 10109715 8504588 4314969 

10134436 2640117 4712135 525923 4581587 5425237 8293769 6993556 

1466887 6508769 5601718 7333647 4312452 2733773 6452672 8139002 
1466887 6508769 5601718 7333647 4312452 2733773 6452672 3561372 

3034474 2591616 4495950 4288809 4596349 1199190 7839936 2885664 
3034474 2591616 4495950 4288809 4596349 1199190 7839936 6344315 
3034474 2591616 4495950 4288809 4596349 1199190 7839936 1109611 

9708722 5279512 4201429 2591499 9544543 4227871 4143585 9588524 

4819725 7788630 6176571 525923 8575032 6514572 7532784 1175229 
4819725 7788630 6176571 525923 8575032 6514572 7532784 5302880 

6821843 8328650 8693179 7613194 6119178 3830450 5836266 7693282 

2206997 3855511 3848733 4649381 3193810 6036983 1746789 6261095 
2206997 3855511 3848733 4649381 3193810 6036983 1746789 7561451 

1126739 2519438 9535772 2591499 10012185 5733491 2809593 7879231 
1126739 2519438 9535772 2591499 10012185 5733491 2809593 6055754 

6517365 9275373 6234337 7381190 6050128 2189167 9867839 5907495 

1127472 6423735 6725065 7381190 4816748 9871117 10073013 3434864 

1126739 2519438 9535772 2591499 7713529 6946052 1947680 7816763 

6487555 6168002 1404268 7381190 3325351 6331812 6210697 163894 
6487555 6168002 1404268 7381190 3325351 6331812 6210697 8898608 

935443 8243737 10277058 9039909 3107079 5459733 7235713 9433873 

6807359 9408916 6966384 4649381 5524737 6495699 8484558 6632895 

4482816 5392456 1372206 7333647 4124037 923768 10140578 9078379 
4482816 5392456 1372206 7333647 4124037 923768 10140578 4674213 

7205147 7494382 2187760 2109410 8352015 8258608 9072607 6181733 
7205147 7494382 2187760 2109410 8352015 8258608 9072607 5473409 
7205147 7494382 2187760 2109410 8352015 8258608 9072607 1178180 

5881581 539221 9429172 9298031 4086850 6971155 1370256 8960149 
5881581 539221 9429172 9298031 4086850 6971155 1370256 6931168 

3887390 4993938 2336583 7381190 5702368 8185822 10216561 8821473 
3887390 4993938 2336583 7381190 5702368 8185822 10216561 6463999 

