3095141 8620022 9064481 629227 9416647 5169479 6012565 3496114 3943992 

2023523 1342599 5309597 4288809 1884323 5196923 9758151 9746528 2540851 
2023523 1342599 5309597 4288809 1884323 5196923 9758151 9746528 5848336 
2023523 1342599 5309597 4288809 1884323 5196923 9758151 9746528 6045485 

8710486 7510896 8229714 7381190 6553882 2390373 1998072 6699682 9229805 

3611732 5991716 5225737 9298031 10081304 7252701 2880015 4239108 3993591 

7241263 3131468 6900820 7381190 7218443 5314374 7871556 7059921 1985363 
7241263 3131468 6900820 7381190 7218443 5314374 7871556 7059921 4292815 

3034474 2591616 4495950 4288809 4596349 1199190 7839936 1109611 4292815 

4098728 4674577 8421733 2109410 1153929 6025241 8715444 8644964 1649063 
4098728 4674577 8421733 2109410 1153929 6025241 8715444 8644964 10188183 

2663953 5836547 6722720 4649381 9616871 5366177 9607060 1372944 1649063 
2663953 5836547 6722720 4649381 9616871 5366177 9607060 1372944 4436014 
2663953 5836547 6722720 4649381 9616871 5366177 9607060 1372944 4466619 

4525825 6281523 8447418 9298031 8299962 5421493 5931328 1840873 3943992 
4525825 6281523 8447418 9298031 8299962 5421493 5931328 1840873 4292815 
4525825 6281523 8447418 9298031 8299962 5421493 5931328 1840873 8210121 

4819725 7788630 6176571 525923 8575032 6514572 7532784 5302880 4384621 
4819725 7788630 6176571 525923 8575032 6514572 7532784 5302880 7442315 

9890870 7043397 7326819 629227 2144447 2793151 10133762 4814758 1285213 

7280234 6348442 7618555 525923 4420105 549107 5246278 280256 1649063 

716620 7755880 8439236 4649381 4834466 9231849 2729062 594598 5924493 
716620 7755880 8439236 4649381 4834466 9231849 2729062 594598 10188183 

2296962 5513845 3396896 9298031 7021556 2437271 5087607 734423 1985363 
2296962 5513845 3396896 9298031 7021556 2437271 5087607 734423 2416180 
2296962 5513845 3396896 9298031 7021556 2437271 5087607 734423 8865319 

4228697 4170438 4862636 4649381 6689125 6409821 8557611 4459991 7442315 

5394246 8115199 7937917 525923 10005751 1925882 9103934 6291910 8629126 
5394246 8115199 7937917 525923 10005751 1925882 9103934 6291910 8865319 

3790150 3432179 8191030 9307684 6242857 679975 6825712 642470 3993591 
3790150 3432179 8191030 9307684 6242857 679975 6825712 642470 10188183 

3968761 2790045 1331106 4288809 8002357 4555686 7358556 668725 133609 
3968761 2790045 1331106 4288809 8002357 4555686 7358556 668725 1985363 
3968761 2790045 1331106 4288809 8002357 4555686 7358556 668725 4292815 
3968761 2790045 1331106 4288809 8002357 4555686 7358556 668725 10188183 

9981419 9259325 4349733 9307684 332713 3204149 2188757 1903904 133609 
9981419 9259325 4349733 9307684 332713 3204149 2188757 1903904 10188183 

611027 1394041 2321811 9298031 9155539 7172544 9339686 3654171 133609 
611027 1394041 2321811 9298031 9155539 7172544 9339686 3654171 1649063 

9636649 6221537 3327878 7333647 6571271 1281762 3763009 2235798 3943992 
9636649 6221537 3327878 7333647 6571271 1281762 3763009 2235798 8832333 

2974553 439970 4946630 7381190 1429791 4226829 7736334 1011715 9534749 

4246287 9942377 1923944 9039909 4174880 6137117 2889394 8686367 5924493 
4246287 9942377 1923944 9039909 4174880 6137117 2889394 8686367 8629126 
4246287 9942377 1923944 9039909 4174880 6137117 2889394 8686367 9229805 

6119027 1840668 6678286 525923 9277994 8970882 663294 7141553 9229805 
6119027 1840668 6678286 525923 9277994 8970882 663294 7141553 10188183 

1384454 7049170 3895946 2109410 3160074 3347090 7449840 463615 1649063 

1126739 2519438 9535772 2591499 7713529 6946052 1947680 7816763 3943992 

590852 688793 635829 2109410 5103604 1263629 6395467 5438131 1985363 
590852 688793 635829 2109410 5103604 1263629 6395467 5438131 3993591 
590852 688793 635829 2109410 5103604 1263629 6395467 5438131 10079364 
590852 688793 635829 2109410 5103604 1263629 6395467 5438131 10188183 

4150407 8263716 7896773 10206995 362777 356065 4197225 3063379 4292815 
4150407 8263716 7896773 10206995 362777 356065 4197225 3063379 7442315 
4150407 8263716 7896773 10206995 362777 356065 4197225 3063379 8832333 
4150407 8263716 7896773 10206995 362777 356065 4197225 3063379 10188183 

3034474 2591616 4495950 4288809 4596349 1199190 7839936 6344315 1649063 
3034474 2591616 4495950 4288809 4596349 1199190 7839936 6344315 3943992 
3034474 2591616 4495950 4288809 4596349 1199190 7839936 6344315 4384621 
3034474 2591616 4495950 4288809 4596349 1199190 7839936 6344315 10188183 

9625447 5757269 1514774 9307684 1979970 3130565 928082 7500257 1649063 
9625447 5757269 1514774 9307684 1979970 3130565 928082 7500257 3943992 
9625447 5757269 1514774 9307684 1979970 3130565 928082 7500257 4436014 

9720560 2905420 7139317 525923 9214966 172633 7484464 10039034 7412896 

5604122 2193312 6094171 2109410 9459949 7771528 3666805 6825204 1649063 
5604122 2193312 6094171 2109410 9459949 7771528 3666805 6825204 4466619 
5604122 2193312 6094171 2109410 9459949 7771528 3666805 6825204 10228172 

2206997 3855511 3848733 4649381 3193810 6036983 1746789 6261095 3965252 
2206997 3855511 3848733 4649381 3193810 6036983 1746789 6261095 7412896 
2206997 3855511 3848733 4649381 3193810 6036983 1746789 6261095 10188183 

9720560 2905420 7139317 525923 9214966 172633 7484464 9293340 1649063 
9720560 2905420 7139317 525923 9214966 172633 7484464 9293340 3943992 

1353975 4520032 37814 7381190 9078445 8322798 5217718 8104685 2799737 
1353975 4520032 37814 7381190 9078445 8322798 5217718 8104685 3943992 

6652822 3275272 4318079 4649381 8747661 8398977 1383649 457181 1985363 
6652822 3275272 4318079 4649381 8747661 8398977 1383649 457181 2416180 
6652822 3275272 4318079 4649381 8747661 8398977 1383649 457181 4429578 
6652822 3275272 4318079 4649381 8747661 8398977 1383649 457181 4466619 

4246287 9942377 1923944 9039909 8718315 6596902 9054187 9428223 4292815 
4246287 9942377 1923944 9039909 8718315 6596902 9054187 9428223 8210121 
4246287 9942377 1923944 9039909 8718315 6596902 9054187 9428223 8832333 

341823 7942421 2726125 7613194 1708126 1595740 8503846 4513377 3943992 

6943928 4412430 93143 4288809 6766579 9974926 8487677 7694749 1985363 
6943928 4412430 93143 4288809 6766579 9974926 8487677 7694749 3943992 
6943928 4412430 93143 4288809 6766579 9974926 8487677 7694749 4384621 
6943928 4412430 93143 4288809 6766579 9974926 8487677 7694749 10188183 

9106056 1217189 2049538 7381190 4763034 7588014 6549862 1149784 2416180 
9106056 1217189 2049538 7381190 4763034 7588014 6549862 1149784 3943992 
9106056 1217189 2049538 7381190 4763034 7588014 6549862 1149784 6045485 

7722336 9529281 7711732 9039909 5502874 5745383 3755659 996839 10188183 

1524727 1481474 1160704 9307684 1932125 193365 1323674 1297483 1649063 
1524727 1481474 1160704 9307684 1932125 193365 1323674 1297483 7442315 

4397020 1788807 801073 7381190 7410412 6825961 8810380 7896684 3943992 
4397020 1788807 801073 7381190 7410412 6825961 8810380 7896684 5848336 
4397020 1788807 801073 7381190 7410412 6825961 8810380 7896684 10228172 

4818011 2634644 9372890 9298031 5277847 6729574 8265168 2812218 4292815 
4818011 2634644 9372890 9298031 5277847 6729574 8265168 2812218 10188183 

10134436 2640117 4712135 525923 4581587 5425237 8293769 6993556 1649063 
10134436 2640117 4712135 525923 4581587 5425237 8293769 6993556 7412896 
10134436 2640117 4712135 525923 4581587 5425237 8293769 6993556 10188183 

8544137 7794247 10183958 2109410 6459770 3488810 2394560 6532791 133609 
8544137 7794247 10183958 2109410 6459770 3488810 2394560 6532791 10188183 

621103 8451780 6059118 7381190 8740006 2394966 136891 9982431 4534411 
621103 8451780 6059118 7381190 8740006 2394966 136891 9982431 8832333 
621103 8451780 6059118 7381190 8740006 2394966 136891 9982431 10188183 

4819725 7788630 6176571 525923 6430570 5325830 9033459 8971676 1649063 
4819725 7788630 6176571 525923 6430570 5325830 9033459 8971676 1985363 
4819725 7788630 6176571 525923 6430570 5325830 9033459 8971676 7442315 

4098728 4674577 8421733 2109410 1153929 6025241 8715444 6951788 1649063 
4098728 4674577 8421733 2109410 1153929 6025241 8715444 6951788 8210121 
4098728 4674577 8421733 2109410 1153929 6025241 8715444 6951788 10188183 

99615 8775512 1234479 2591499 7521143 6750741 2501272 6955417 2416180 
99615 8775512 1234479 2591499 7521143 6750741 2501272 6955417 7442315 

8800366 9837929 3769773 629227 1341863 1058315 709592 3234398 3943992 
8800366 9837929 3769773 629227 1341863 1058315 709592 3234398 4292815 
8800366 9837929 3769773 629227 1341863 1058315 709592 3234398 8210121 
8800366 9837929 3769773 629227 1341863 1058315 709592 3234398 10188183 

8597032 4189062 3507149 4649381 8413314 9290812 300555 6016324 10228172 

716620 7755880 8439236 4649381 1290504 7640004 2435068 617140 4292815 

7145003 4298226 9839072 4288809 5456910 3238949 7698359 8430957 1649063 

2922169 9629353 6743327 2591499 6018525 2524908 8711997 6619404 9534749 

8003667 1422226 3191194 7333647 7862509 5865121 2477761 5806696 2799737 
8003667 1422226 3191194 7333647 7862509 5865121 2477761 5806696 4384621 
8003667 1422226 3191194 7333647 7862509 5865121 2477761 5806696 10188183 

9145132 2061900 9900392 7613194 1939561 3145247 2111073 5008054 1649063 

9328934 4159387 3185777 629227 3273045 4755496 553009 3880445 1649063 

6979777 5192872 7780356 7381190 211859 1492050 6319677 4656691 3993591 

4699912 6054436 2033283 525923 2432449 7016569 2424049 8232731 4292815 
4699912 6054436 2033283 525923 2432449 7016569 2424049 8232731 10188183 

7018877 8708710 9064285 7613194 1532203 9347714 8037463 4461639 4292815 
7018877 8708710 9064285 7613194 1532203 9347714 8037463 4461639 5327494 
7018877 8708710 9064285 7613194 1532203 9347714 8037463 4461639 10188183 

7535991 5910399 282339 2591499 9106628 1371303 329127 574698 4384621 

6652822 3275272 4318079 4649381 7973973 9451010 10243412 9312811 3943992 

5569039 905 8589711 9307684 5725353 3302378 8958554 8037598 3346248 
5569039 905 8589711 9307684 5725353 3302378 8958554 8037598 4429578 
5569039 905 8589711 9307684 5725353 3302378 8958554 8037598 10228172 

912281 3568971 5708674 2591499 3576193 9246090 4070790 2053218 4292815 

6979777 5192872 7780356 7381190 211859 1492050 6319677 9776644 10188183 

7386065 574408 5332942 9039909 3829476 60683 890920 879699 1649063 
7386065 574408 5332942 9039909 3829476 60683 890920 879699 4292815 

3832752 7747496 5939865 2109410 748561 6029935 5342583 3876077 8832333 
3832752 7747496 5939865 2109410 748561 6029935 5342583 3876077 10188183 

3611732 5991716 5225737 9298031 10081304 7252701 2880015 7432958 1649063 
3611732 5991716 5225737 9298031 10081304 7252701 2880015 7432958 2540851 

1127472 6423735 6725065 7381190 4816748 9871117 10073013 3434864 2638728 
1127472 6423735 6725065 7381190 4816748 9871117 10073013 3434864 7442315 
1127472 6423735 6725065 7381190 4816748 9871117 10073013 3434864 10188183 

9720560 2905420 7139317 525923 9214966 172633 7484464 9996058 4292815 

716620 7755880 8439236 4649381 1290504 7640004 2435068 3886472 3943992 
716620 7755880 8439236 4649381 1290504 7640004 2435068 3886472 3965252 
716620 7755880 8439236 4649381 1290504 7640004 2435068 3886472 5327494 

